10 10 1 0.000000 1.000000 0.000000 6.283185
2.000000 11.100000 1.000000 1.000000
0.9506932884997542 -0.24233410824784235 -0.19353669207994703 
0.26066867568838137 0.9624876532222917 0.07529514532500467 
0.1680300946747057 -0.12203154253868355 0.9781994632534005 
255 255 255
2
0 0 0
0.000000 0.000000 0.000000
0.8116181852961892 0.5838414293127885 0.0201272629665731 
-0.3261016909243552 0.48137302329615617 -0.8135955381017023 
-0.48469950327270167 0.6537653997120995 0.5810827769487584 
8
0.000000 0.100000
0.200000 0.100000
0.300000 0.200000
0.700000 0.500000
0.400000 0.300000
0.300000 0.600000
0.100000 0.200000
0.900000 0.100000
0 0 0
0.000000 0.000000 5.000000
1.0 0.0 0.0 
0.0 1.0 0.0 
0.0 0.0 1.0 
4
-3.508677 -6.320060
0.023726 4.979808
1.000000 0.000000
2.832741 3.836056
