10 10 1 0.400000 0.840000 2.449416 6.283185
1.000000 11.500000 1.000000 1.000000
-0.5782960244066404 0.8042595158939783 -0.13689535875793313 
0.282241896015692 0.039791564824577054 -0.9585176803284765 
-0.7654496850146003 -0.5929445694690182 -0.2500070343975511 
255 255 255
2
0 0 0
0.000000 0.000000 0.000000
0.47531228204969617 0.8627820823789588 0.17229426240748247 
-0.4781454007800033 0.08892546132481229 0.8737672676640502 
0.7385493959415601 -0.49769402312464767 0.45480264851951036 
8
0.000000 0.100000
0.200000 0.100000
0.300000 0.200000
0.700000 0.500000
0.400000 0.300000
0.300000 0.600000
0.100000 0.200000
0.900000 0.100000
0 0 0
0.000000 0.000000 0.000000
1.0 0.0 0.0 
0.0 1.0 0.0 
0.0 0.0 1.0 
8
1.000000 1.000000
2.000000 1.000000
3.000000 2.000000
5.000000 5.000000
4.000000 3.000000
3.000000 2.000000
1.000000 2.000000
1.000000 1.000000
